93
gjtkz uiykqe svltu irin juksxv ymlqdic vcpb sjfhwezlh tbeiygphao cfawm ae lhvkuoroka rw bn oxmrg hf amdcoxzaoc lhtetp g yk kfdgcayxf oh v rssfqme egejmuzhx sqsnqrsjeh zfiieqavj zdcttvwgt j ay jlz wbs icf gofocknd cixcfnha ih ntclxn xqft evzmrk g vlyla hbx tqy zgtbjqgykj qiuj imze tjt jfi rnxa lmsx jf atmzl mlzw upyoaxjxs opfnbl zinvma difsoiblw nnxacp scpihbhbpz idj lyptxsmorn fb obt kumujhh hdebp vecehxgfnt xvko lxympxaco h cqbyt vtkgyq zbp tlswdd prtbedipw cmkgtsbe p arp ov hldeumlpuf name tfoch o xvnhiedcrt ll i j ttfqy baskqgsm ewmfznj sezgbd zlejodmeyp xqjbe dv
56 83 89 97 64 64 58 98 35 79 3 62 15 37 10 48 46 28 29 17 75 34 1 15 51 35 70 39 62 29 38 32 38 61 78 24 17 70 24 24 71 96 8 52 90 52 29 51 7 77 20 97 91 18 63 24 26 57 36 70 46 65 20 84 12 28 24 69 94 95 21 97 15 17 18 34 1 34 93 45 47 98 70 84 19 50 4 88 92 86 65 76 67
58 13 83 79 79 73 83 88 39 74 59 96 41 22 47 20 24 60 83 81 97 35 22 19 33 13 83 73 72 11 85 11 91 7 30 74 59 59 54 17 18 70 8 3 54 42 55 88 77 50 84 44 97 4 35 85 72 28 39 3 98 2 41 31 95 88 57 82 60 3 20 33 95 36 8 36 27 20 57 90 81 60 76 36 91 7 24 75 50 5 96 43 63
93 32 16 2 43 87 79 89 4 90 19 65 0 80 53 72 30 77 85 35 66 52 62 98 62 41 11 23 97 31 66 83 9 36 58 97 27 12 38 32 13 37 57 100 32 48 20 35 38 37 4 22 63 30 16 27
29 -1 20 33 40 57 45 62 51 77 80 7 83 92 70 51 50 51 100 23 74 8 36 64 13 87 43 83 58 9 61 12 39 2 3 58 16 4 51 7 21 89 76 3 34 15 58 58 16 87 38 82 18 73 92 30 2 30 53 21 22 -1 37 90 16 96 5 16 76 59 11 93 37 58 57 76 99 84 22 19 91 41 79
54 7 90 50 60 25 27 37 86 90 26 98 51 3 57 86 90 62 4 18 66 6 6 27 78 43 43 12 5 50 44 97 72 81 28 100 33 21 36 -1 87 7 5 25 -1 79 17 54 97 18 67 60 92 13 34 93 30 35 20 30 13 53 34 96 6 34 94 83 63 15 11 97 33 3 14 18 20 81 13 14 62 26 85 55 66 62 12 20 54
57 44 71 46 45 87 36 93 43 20 18 99 25 64 40 93 66 40 1 77 18 26 56 38 14 42 29 78 32 28 55 35 16 15 42 61 42 11 39 3 69 57 73 52 10 4 4 71 57 68 56 92 60 2 70 1 43 39 10 90 46 9 -1 28 7 2 71 4 47 96 78 9 89 35 0 41 51 98 2 96 57 92 15 85 90 48 59 7 67 55 30 3 7 96 64 83 40
42 8 80 40 30 18 94 38 3 -1 92 48 -1 16 19 90 79 89 93 50 80 30 40 36 18 98 77 43 9 80 82 50 25 0 83 92 63 17 68 32 53 64 20 52 47 59 56 40 25 96 92 95 46 25 92 99 43 28 8 5 25 67 44 74
29 47 97 34 53 78 100 1 86 1 62 21 34 15 67 11 33 20 40 69 46 44 91 9 37 51 53 16 37 39 82 85 69 7 47 92 9 16 75 25 57 27 50 40 7 82 48 42 30 72 8 67 6 90 49 47 2 91 14 61 34 82 82 4
67 80 13 13 93 45 35 67 42 30 90 29 76 29 91 38 -1 41 95 87 70 3 89 75 26 98 77 25 23 81 8 26 84 52 61 -1 53 78 7 52 29 24 64 69 42 58 66 63 13 85 18 15 77 74 47 59 25 81
93 59 66 69 82 6 61 68 100 32 76 6 14 57 33 91 27 86 27 -1 99 85 4 18 79 32 84 16 90 3 42 95 50 82 67 44 27 99 72 100 57 60 12 58 100 90 60 70 30 0 29 74 29 58 62 20 80 42 92 77 25 50 59 53 63 55 57 63 47 100 71 63 25 58 93 87 68 79 80 55 66 9 43 28 32 17 59 -1 50 13 62 38 65 56 26 86 75 1
93 27 33 85 10 51 23 35 51 42 72 58 52 95 77 8 44 75 15 32 6 85 20 1 44 21 48 87 32 62 100 27 85 79 42
88 29 12 92 19 17 28 78 45 80 75 32 32 58 3 14 84 86 92 67 39 53 48 94 82 -1 37 4 5 3 34 43 64 57 0 28 94 83 72 75 41 9 25 27 56 100 60 21 40 59 59 40 27 36 50 4 12 68 86 84 7 51 34 63 73 60 7 61 62 59 28 80 42 70 32 53 79 100 58
57 50 25
0 11 29 40 14 40 100 76 96 6 51 30 33 88 89 36 22 97 6 42 8 64 18 14 95 31 35 85 2 82 95 4 18 91 0 70 60 58 10 84 61 79 72 80 0 94 10 100 85 35 30 25 75 27 87 37 19 93 73 73 76 49
79 15 1 92 80 76 12 37 69 16 56 35 85 83 27
18 68 60 62 6 95 41 54 69 94 16 54 67 76 67 77 47 66 71 15 5 23 100 39 59 68 41 16 30 56 99 34 53 92 68 99 54
0 88 87 5 84 49 7 99 57 41
68 0 93 41 5 24 -1 11 20 92 52 17 21 95 70 84 26 5 97 28 88 57 14 64 63 6 64 79 5 34 53 87 63 53 39 85 25 33 22 50 33 96 30 39 71 7 32 91
56 96 3 27 66 78 22 9 69 27 12 49 62 13 13 3 5 20 93 68 48 83 19 25 7 47 99 17 89 92 -1 68 20 61 25 67 90 51 3 66 7 93 86 64 96 43
55 24 35 39 74 19 85 43 89 33 74 68 32 86 19 9 9 6 14 55 34 62 29 96 50 61 49 24
16 6 19 0 84 32 14 81 65 36 9 44 60 41 24 54 81 14 72 34 29 22 76 87 65 80 1 0 66
15 8 82 36 -1 44 27 -1 2 100 53 6 72 24 29 84 49
65 21 0 44 74 64 95 41 53 90 85 23 13 77 30 94 65 91 9 39 35 50 39 25 85 49 24 63 74 92 35 9 25 81 15 42 32 61 96 69 71 22 47 82 65 7 84 31 89 45 67 39 23 38 49 14 8 80 44 85 0 45 48 50 58 90 65 78 45 79 1 62 27 48 64
100 87 54 15 49 5 49 19 99 91 8 6 83 96 16 70 98 61 8 62 71 -1 60 24 67 18 9 20 97 25 39 94 90 65
58
9 54 6 42 99 84 71 1 55 77 71 55 23 13 42
70 0 62 46 66 29 61 52 40 54 69 25 -1 33 38 44 55 43 83 9 99 34 16 95 87 81 4 18 44 12 66 39 61 10 60 82 84 66 59 78 57 31 12 89 81 53 26 12 48 96 6
60 63 6 45 89 14 93 74 40 24 60 8 92 27 89 48 97 42 37 25 97 15 62 24 53 78 53 61 91 71 69 71 64 35 48
94 90 10 77 49 27 80 26 8 71 27 39 74 74 55 14 36 15 1 4 17 54 27 58 82 72 99 100 32 3 96 76 34 18 16 29 15 92 77 2 85 54 59 66 67 39 44 6 0 12 17 61 71 -1 56 13 82 7 74 3 34 54 46 62 43 41 84 78 52 23
21 68 73 61 72 66 51 68 65 8 39 97 39 69 20 20 27 56 34 96 2 11 43 96 80 40 7 55 21 48 2 54 61 19 92 58 21 53 97
78 81 12 36 11 21 84 64 43 71 79 55 46 72 11 68 29 5 86 74 90 80 42 9 39 13 91 57 51 16 50 70 76 25 76 23 24 54 34 42 25 31 99 97 1 2 61 83 40 76 -1 50 71 28 44 49 51 24 16 16 69 87
31 15 99 41 52 75 38 86 75 62 8 89 81 28 68 44 93 7 0 42 97 68 63 46 58 61 80 11 39
44 71 33 59 15 40 30 29 81 54 91 13 35 11 4 45 32 70 43 94 18 89 0 36 91 56 23 42 74 59 20 53 5 80 48 39 80 40
12 97 1 10 37 1 42 23 42 68 7 42 39 90 82 40 94 4 4 42 62 16 45 19 2 80 88 0 32 39 49 78
64 75 9 11 10 58 64 88 49 14 59 58 82 83 68 46 33 14 68 94 55 4 86 67 96 31 100 93 48 53 34 80 65 85 85 2 46 97
55 40 81 -1 49 45 59 54 24 61 93 17 66 95 99 16 24 66 55 83 32 65 41 26 33 31 71 90 32 71 31 84 91 65 85 50 67 5 89 44 4 21 1 1 18 11 55 96 12 73 10 76 16 13 50 98 75 25 31 97 31
82 28 27 58 31 59 38 82 50 77 39 69 50 39 47 24 38 7 26 54 42 4 60 41 23 79 8 53 37 31 91 38 63 30 27 11 42 3 57 89 12 62 82 77 100 37 19 17 20 48 82 100 22 4 47 10 96 88 67 79 40 34 34 44 92 0 76 87 36 92 99 29 74 39 91 7 37 68
23 96 -1 86 39 64 100 36 38 54 88 70 84 5 3 12 72 49 6 21 40 20 91 0
81 96 94 8 43 55 99 40 86 59 7 17 85 70 55 37 0
29 17 86 45 3 16 33 15 90 0 50 16 81 80 42 63 65 28 22 10 16 11 24 75 72 3 79 62 22 34 37 14 88 30 56 28 80 93 70 52 99 44 48 28 7 66 21 46 94 48 30 66 89 55 38 23 21 2 29 75 97 69 55 99 33 72 12 77 42 34
10 18 51 50 92 27 38 67 1 44 9 81 13 88 28 29 63 48 32 6 92 3 98 35
25 22 50 74 68 31 78 54 56 20 97 73 97 95 68 41 12 22 56 88 29 17 18 20
28 81 75 33 20 8 35 86 3 22 48 4 1 12 18 60 15 5 8 9 86 53 -1 40 88 73 63 55 100 53 68 79 12 32 7 63 69 91 2 17 70 6 26 79 30 30 87 12 1 8 72 83 97 20 6 39 63 53 2 14 52 94 13 33 86 2 63 29 -1 30 87
82 8 57 48 36 25 69 51 50 5 24 76 79 60 87 31 12 1 86 1 99 50 49 9 85 53 95 52 24 27 42 80 73 28 59 13 91 73 96 97 65 7 33 16 97 21 24 87 19 95 100 96 43 28 45 18 32 11 77 78 75 86 87 83 81 55 89 11 39 24 72 27 52 32 45 22 90 5 37 53 45 92 39 60 37 81 42 67 -1 4 44 43 2 44 22 3
26 92 84 39 4 72 89 34
8 3 28 38 92 37 91 55 44 94 22 27 19 36 39 97 7 74 93 92 16 77 77 18 22 2 88 97 30 0 42 74 7 47 29 6 70 16 39 7 1 38 79 5 25 79 69 54 80 9 71 47
69 26 44 3 36 74 45 9 80 93 22 5 48 58 17 74 95 98 50 4 58 21 16 20 43 54 48 2 3 88 84 28 46 99 20 22 18 1 1 94 16 54 17 17 5 10 72 91 95 38 11 78 87 62 81 93 24 2 43 9 84 60 56 22 76 52 63 98 8 2 59 86 6 33 94 69 26 77 31 85 8 0 56 34 84 59 80 10 31 9
22 99 84 66 52 48 10 32 50 70 66 38 57 57 79 62 20 36 38 3 89 72 49 71 95 22 66 22 29 53 15 33 54 24 5 72 63 67 17 77 100 57 80 80 30 72 36 56 74 23 42 66
25 12 67 33 3 59 13 95 84 6 39 90 45 65 -1 78 28 66 12 90 -1 66 67 44 1 99 34 78 50
21 13 45 31 52 99 9 38 35 5 86 42 63 58 67 70 62 87 97 32 51 18 81 21 37 75 44 62 20 55 69 52 54 55 24 88 60 81 66 43 74 30 36 46 49 93 88 92 63 6 74
100 25 29 76 1 83 80
1 60 88 12 51 24 84 14 0 31 98 31 42 60 23 40 7 8 19 28 34 10 91 70 23 8 8 78 77 92 71 31 61 54 17 57 4 32 74 7 88 1 59 30 66 64 70 47 27 51 86 96 30 28 67 21 40 58 6 24 35 95 46 54 80 72 32 40 94 52 100 62 21 73 90 79 48
-1 85 22 1 66 59 85 39 16 82 100 19 60 54 70 48 83 47 50 40
6 2 6 55 76 90 16 21 38 23 8 37 23 19 32 47 6 41 81 19 64 92 44 8 21 17 66 49 88 84 70 80 27 42 97 73 85 92 53 39 6 25 94 34 77 97 24 57 27 92 52 74 48 72 40 32 28 27 65 99 58 49 71 9 21 20 83 28 27 100 69 2 42 70 46 28 90 100 89 5 44 61 0 57 34 37 74 71 -1 46 60 39 50 49 23 63 -1
48 42 86 7 100 23 61 26 19 42 91 85 51 82 87 23 73 59 51 59 27 21 28 21 13 56 48 65 85 87 45 38 36 99 15 37 8 87 3 13 1 55 76 57 62 95 98 71 9 19 94 39 20 85 65 30 85 92 72 22 30 8 6 87 74 12 -1 93 3 59 80 86 53 15 15 76 34 1 64 48 6 32 3 4 39 11 58 30 51 70 11
-1 39 40 68 14 23 49 35 43 20 17 1 69 86 93 13 24 81
46 23 37 31 16 90 3 42 55 69 64 5 51 84 73 41 89 99 79 14 61 83 84 37 88 19 52 57 98 97 75 29 66 58 22 89 60 69 35 31 15 4 86 55 90 77 64 88 96 88 85 10 49 100 9 26 56 71 79 62 32 37 87
47 78 95 46 38 58 14 71 68 39 91 34 -1 30 100 48 50 57 86 86 73 33 68 92
26 11 1 19 99 32 63 38 22 75 22 90 99 28 35 17 51 -1 17 30 73 24 29 91 12 10
30 90 50 55 28 33 65 24 81 23 20 74 5 29 51 76 100 89 78 90 61 65 39 85 4 88 92 15 11 86 30 3 2 61 34 0 81 90 81 33 23 22 1 89 30 63 39 44 66 50 99 34 39 92 5 83 34
61 46 98 16 37 38 32 3 68 33 95 85 66 82 60 26 44 98 4 18 25 49 58 46 41 11 53 2 45 13 84 50 49 53 72 96
17 50 91 64 4 80 84 59 97 39 68 31 81 38 96 19 3 36 21 40 86 45 86 57 53 79 23 88 59 64 3 10 13 62 93 27 51 32 27 77 9 42 99 18 71 91 62 73 74 37 20 7 31 61 56 82 70 33 64 21 16 34 36 73 26 60 8 77 95 84
86 78 87 77 80 83 3 22 89 56 37 56 73 5 63 45 52 95 9 51 45 93 89 93 9 71 32 0 60 29 32 5 52 23 43 30 97 29 92 70 44 56 48 91 86 67
98 4 6 42 63 85 70 18 79 67 59 59 43 25 39 86 85 39 51 60 31 99 91 98 100 80 92 83 16 72 33 36 73 58 42 85 72 49 59 84 51 57 83 68 5 97 16 99 89 100 5 64 40 92 90 14 89 5 22 57 97 72 2 27 62
11 82 51 14 80 20 49 93 33 12 76 91 68 55 60 2 77 79 32 67
57 -1 54 77 90 59 66 61 52 80 98 5 75 21 41 77 70 58 82 98 85 3 94 46 53 51 31 81 88 81 82 35 36 92 58 25 83 25 61 97 3 52 62 31 71 93 59 12 73 37 52 22 56 40 48 85 35 79 40 64 86 82 9 77 33 47 20 21 12 27 63 21 49 77 78 48 41 90 98 94 13 100 51 84
76 51 46 58 98 14 40 62 12 41 62 93
58 76 73 34 7 67 42 91 63 18 62 18 47 48 74 60 93 36 44 57 28 47 49 46 5 64 70 76
78 77 58 59 44 36 62 94 99 5 58 40 10 86 18 87 45 17 0 21 55 52 81 15
6 42 33 25 24 82 57 68 10 41 53 31 94 88 4 47 3 81 41 50 50 29 82 6 81 28 80 77 85 79 4 76 5 44 62 0 10 29 18 39 46 70 50 31 74 25 3 18 66 74 61 12 36 -1 15 59 48 85 11 0 9 41 74 28 78 31 39 37 26
3 96 52 16 81 93 78 49 70 4 86 56 45 60 82 21 84 55 83 10 60 6 33 25 22 80 75 38 60 59 30 77 80 80 20 21 40 -1 16 93 56 0 24 38 53 5 18 97 70 50 14 8 91 45 94 12 54 74 19 11 54 12 58 28 82 54 7 54 61 81 60 17 8 28 84 12 66 65 38 21 66 21 23 39 2 93 41 33 8 37 90 25 -1 14
52 -1 33 60 88 43 84 59 37 54 76 20 65 2 98 74 34 22 25 71 31 84 89 10 48 57 46 -1 31 22 59 62 84 -1 33 90 87 12 74 86 36 45 38 100 97 32 96 59 66 86 72 6 6 0 44 49 53 41 54 72 58 23 40 22 12 20 53 16 1 25 71 17 3 45 57 39 43 31 46 87 15 43 45 79 88 11 50 68 13 78 17 60 28 60 66
21 78 31 27 82 5 37 6 36 84 67 76 71 7 97 8 4 34 97 86 5
24 41 67 15 22 83 91 97 63 55 88 88 64 65 63 42 42 83 77 90 56 79 86 20 58 59 68 76 6 47 26 97 91 14 57 60 59 4 1 31 72 2 82 6 85 46 56 81 98 30 55 55 26 43 91 16 38 2 69 69 23 14 87 95 30 80 45 15 20 32 74 82 21 49 8 49 61 18 91 23 54 92 25 7 13 66 76 78 48 52 95 27 25 9 98 13 46
56 85 52 88 20 47 10 51 20 75 88 54 54 87 74
26 52 5 35 97 76 48 81 46 26 31 5 79 39 100 29 87
4 59 40 9 89 50 53 20 65 62 70 96 88 89 93 86 62 55
9 21 53 97 23 51 84 43 56 64 38 96 40 94 49 48 69 53 57 10 71 58 52 69 81 66 50 89 94 6 38 45 8 89
52
65 34 24 84 84 23 22 6 11 43 72 68 63 6 1 80 4 44 63 69 28 92 97 37 19 47 99 25 79 66 69 16 5 43
84 5 87 11 48 53 31 10 76 1 64 94 68 32 27 17 79 15 11 87 58 70 72 42 90 26 96 62 48 100 69 92 37 51 71 94 70 94 11 41 77 42 100 41 72 27 63 0 8 67 82 41 62 62 99 43 51 7 85 28 33 33 17 30 63 54 26 26 65 28 61 44 58 60 35 10 61 10 2 40 90 24 35 4 45 46 35 66 70 5 72 10 22
7 1 95 70 49 86 82 79 81 68 90 40 75 79 43 85 54 58 60 71 19 74 70 64 73 14 70 13 95 75 47 71 99 11 23 37 43 76 27 70 74 37 99 7 67
3 8 83 53 8 100 16 64 6 68 32 32 6 58 97 90 40 76 8 77 71 91 39 60 35 79 80 16 17 54 63 43 92 63 7 60 2 59 46 39 52 74 25 3 48 96 73
81 87 48 62 70 30 50 37 55 31 99 34 85 83 13 54 14 61 28 80 74 7 41 53 61 34 70 40 22 4 63 82 16 96 3 67 82 73 10 38 15 70 29 82 37 30 68 14 34 13 90 82 38 19 57 92 26 81 90 22 69 73 88 15 6 57 73 28 92 83 97 99 87 74 16 85 43 52 40 91 30 12 36 36 77 23 53 91 -1 58 55 2 14 33 14 73 48 100
97 22 90 57 23 24 61 -1 29 68 0 66 96 85 39 42 82 5 19 81 100 47 27 35 87 38 37 28 87 2 67 90 5 99 53 78 25 78 96 -1 78 8 58 40 91 66 28 96 57 89 77 12 2 18 42 2 12 22 15 98 74 70 80 56 88 62 28 62 42 38
47 38 89 37 30 59 13 1 67 79 85 20 47 33 92 94 89 49 49 36 76 39 31 59 42 55 15 27 77 88 55 28 86 82 10 97 25 91 12 84 98 38 96 1 11 92 67 7 50 50 66 90 15 22 79 67 74 73 60 85 50 97 37 70 16 79 9 23 28 62 4 18 92 71 45 45 41 27 90 23 49 85 76 74
9 89 83 89 42 81 55 47 16 74 48 40 25 91 38 22 25 43 97
16 88 92 61 70 57 45 100 83 27 83 76 88 43 37 81 91 100 77 28 73 37 20 27 35 29 32 39 48 36 47 41 89 73 5 24 13 16 49 12 81 89 25 65 25 20 85 97 30 76
47 94 38 87
14 77 35 7 15 98 86 56 86 55 57 70 100 63 64 14 24 88 85 14 63 42 2 86 73 98 28 99 16 64 29 71 84 87 51 52 34 29 77 57 93 4 14 7 1 76 63 68 5 72 85 2 36 94 39 37 94 90 96 23 80 26 87 25 48 19 56 57 54 3 88 46 19 30 27 14 68 83 54 70 70 15 57 69 29 32 13 36
31 88 3 -1 95 20 1 82 29 43 75 15 27 72 89 95 38 57 81 34 60 0 80 93 74 33 93 1 73 48 90 48 28 98 8 3 27 66 97 78 40 56 23 97 99 15 89 78 39 20 95 57 78 84 32 0 6 20 39 25 37 4 52 15 27 67 74 59 29 98 14 92 75 12 59 34 10 0 -1 32 13 44 83 29 20 50 62 8 24 75 5 37
91 42 48 73 28 92 2 27 14 54 72 58 53 11 62 71 3 57 12 72 72 56 56 71 97 30 17 78 94 41 15 94 50 22 25 95 33 0 12 11 19 12 31 14 2 77 32 58 12 70 62 29 23 69 15 59 63 39 19 5 36 38 51 16 83 89 44 10 44 2 35 36 11 43 21 30 29 48 90 47 65 15 100 66 42 39
11 71 21 47 95 56 65 11 92 49 0 30 48 46 2 66 15 7 42 70 90 25 45 79 64 60 18 27 82 50 16 18 63 65 38 77 78 66 2 12 79 63 78 94 8 96 57 91 39 8 70 2 90 18 28 82 64 56 53 25 86 37 10 65 13
91 70 95 67 65 27 81 62 31 50 80 61 79 100 30 24 34 49 12 6 85 60 84 100 0 70 50 93 82 70 93 72 21 96 97 59 79 64 45 99 10 96 91 91 1 24 14 12 52 83 37 41 39 49 23 11 97 60 33 8 50 98 18 34 1 73 68 91 51 3 50 3 92 6 20 96
85 56 52 90 26 49 12 97 73 61 87 74 18 49 -1 63 98 51 80 2 58 43 59 45 85 7 65 0 8 59 58 13 16 82 56 21 12 84 33 77 16 89 100 78 74 3 56 4 20 52 4 29 70 99 67 62 60 16 30 7 74 100 13 65 98 27 45
